accuracy=0.5343811394891945
precision=0.12579637989958228
recall=0.15406278258622916
f1=0.1385020962291103
auc=0.4052450018791259
