cv_auc_mean=0.9097620223141709
cv_auc_std=0.0017708265252453141
fold_1=0.9100597353109094
fold_2=0.9098890828035102
fold_3=0.9074233250587757
fold_4=0.9086851087642942
fold_5=0.9127528596333647
