gpu_usage_pct=0.6986617453427872
cpu_usage_pct=0.3171251785472973
gpu_mem_pressure=0.31547118261506224
mem_pressure=0.2947081195204632
avg_io_size=0.19829627813884237
cpu_gpu_ratio=0.18506760275276246
io_ops_total=0.15299447356681267
task_role=0.1478317924473375
io_bytes_total=0.11075792090084606
