accuracy=0.8795985362516241
precision=0.7741763334550459
recall=0.7121302157344013
f1=0.7418582117672391
auc=0.9243416847127919
